0.44117913
1.0913378
2.7631745
4.086712
4.9690704
5.781769
6.3854876
7.082086
7.8483443
8.544943
9.705941
10.4954195
13.537233
14.512471
15.11619
16.114649
18.041904
18.784943
19.667301
20.3639
20.944399
21.640997
22.314377
23.219954
24.84535
25.47229
27.887165
29.187483
30.44136
32.833015
34.13333
35.57297
36.594646
37.778866
38.475464
39.172062
39.682903
40.56526
41.12254
41.865578
43.235554
44.605534
45.99873
47.391926
48.065304
48.715466
49.435284
50.06222
50.64272
51.362537
52.941494
53.684536
55.68145
56.61025
57.724808
58.560726
59.025124
59.60562
60.255783
61.27746
61.88118
63.204716
64.20317
65.80535
66.57161
67.52363
68.61497
69.381226
70.286804
70.72798
71.65678
72.2605
73.28217
73.978775
75.023674
76.13823
76.76517
78.06548
80.271385
82.01288
82.6166
83.28998
84.28844
84.89215
85.56553
86.21569
86.79619
87.79465
88.421585
89.39682
90.39528
91.09188
91.8117
92.48508
93.78539
95.10893
96.45569
97.08263
98.68481
99.404625
102.26068
102.88762
103.58421
104.95419
106.04553
107.67093
108.924805
110.155464
111.61832
112.338135
112.91864
113.568794
114.892334
115.98367
116.88925
118.14313
118.816505
119.30412
120.02394
120.48834
121.30104
122.02086
122.57814
123.15864
123.832016
124.85369
125.82893
126.38621
127.08281
127.98839
128.9404
129.61378
130.93732
132.8878
133.53796
134.28099
134.79184
136.18503
139.85379
141.01479
141.78104
143.03491
143.96371
144.6371
145.35692
146.79655
147.40027
148.12009
149.72226
151.11546
152.439
153.4839
154.55202
155.17896
156.36317
158.29042
159.17279
159.98549
160.61243
161.21614
161.93596
163.23628
164.60626
165.34929
166.44063
167.3462
168.34467
169.3199
169.97006
170.64345
171.9902
172.73325
174.24254
175.28743
176.30911
177.12181
177.86485
180.48871
181.998
182.76427
184.04135
185.66675
186.73488
187.29214
189.05687
189.73024
190.51973
